(32, 32, (0.157, 0.1153, 0.116, 0.1176, 0.1168))
(32, 64, (0.152, 0.133, 0.1252, 0.1299, 0.1357))
(32, 128, (0.1259, 0.0988, 0.1013, 0.1167, 0.115))
(32, 256, (0.1178, 0.1073, 0.111, 0.1118, 0.1123))
(32, 512, (0.1384, 0.1089, 0.1188, 0.1167, 0.1177))
(32, 1024, (0.1167, 0.1022, 0.1018, 0.096, 0.0998))
(32, 2048, (0.1113, 0.0921, 0.107, 0.1133, 0.1046))
(32, 4096, (0.1212, 0.0908, 0.1019, 0.1021, 0.1039))
(32, 8192, (0.1142, 0.0947, 0.0948, 0.0934, 0.0926))
(32, 16384, (0.1081, 0.0913, 0.0878, 0.0906, 0.0911))
(32, 32768, (0.1062, 0.0867, 0.0872, 0.0925, 0.0941))
(32, 65536, (0.1355, 0.0992, 0.1043, 0.103, 0.1035))
(32, 131072, (0.1013, 0.079, 0.0787, 0.0837, 0.0895))
(32, 262144, (0.1005, 0.0779, 0.0868, 0.0841, 0.0859))
(32, 524288, (0.0982, 0.0787, 0.0759, 0.0751, 0.075))
(64, 32, (0.1243, 0.0967, 0.1026, 0.1083, 0.1069))
(64, 64, (0.1213, 0.1005, 0.1093, 0.1048, 0.1081))
(64, 128, (0.1371, 0.1066, 0.1101, 0.1122, 0.1096))
(64, 256, (0.1636, 0.1199, 0.1131, 0.1121, 0.1069))
(64, 512, (0.1101, 0.1019, 0.0997, 0.0953, 0.0971))
(64, 1024, (0.1145, 0.0966, 0.0935, 0.0936, 0.0944))
(64, 2048, (0.1023, 0.086, 0.0853, 0.0896, 0.0955))
(64, 4096, (0.1066, 0.0884, 0.0927, 0.0932, 0.092))
(64, 8192, (0.1248, 0.098, 0.0981, 0.099, 0.0984))
(64, 16384, (0.1044, 0.0829, 0.0798, 0.0805, 0.081))
(64, 32768, (0.0951, 0.078, 0.0764, 0.0789, 0.0779))
(64, 65536, (0.0921, 0.0804, 0.0792, 0.0774, 0.0771))
(64, 131072, (0.0983, 0.0788, 0.0842, 0.0806, 0.0798))
(64, 262144, (0.0912, 0.0766, 0.0733, 0.0835, 0.0832))
(64, 524288, (0.0962, 0.0779, 0.0739, 0.0735, 0.0772))
(128, 32, (0.1208, 0.0906, 0.0904, 0.1011, 0.1003))
(128, 64, (0.1224, 0.089, 0.0879, 0.0971, 0.0972))
(128, 128, (0.1039, 0.089, 0.0912, 0.0956, 0.0975))
(128, 256, (0.1057, 0.0881, 0.0953, 0.096, 0.0967))
(128, 512, (0.1005, 0.0857, 0.0871, 0.0931, 0.0938))
(128, 1024, (0.1107, 0.0895, 0.093, 0.0947, 0.1004))
(128, 2048, (0.1374, 0.1008, 0.1011, 0.1004, 0.0994))
(128, 4096, (0.1081, 0.0826, 0.0832, 0.0903, 0.09))
(128, 8192, (0.1033, 0.0795, 0.0865, 0.0894, 0.0858))
(128, 16384, (0.1036, 0.0787, 0.0781, 0.0854, 0.0837))
(128, 32768, (0.0987, 0.0785, 0.0757, 0.0763, 0.0846))
(128, 65536, (0.1035, 0.0761, 0.0761, 0.0766, 0.0761))
(128, 131072, (0.1046, 0.0791, 0.0749, 0.0845, 0.0803))
(128, 262144, (0.1048, 0.0768, 0.0748, 0.0838, 0.0851))
(128, 524288, (0.0986, 0.0815, 0.0775, 0.0797, 0.084))
(256, 32, (0.1403, 0.105, 0.1133, 0.1182, 0.1143))
(256, 64, (0.1118, 0.0944, 0.0904, 0.0901, 0.0959))
(256, 128, (0.1084, 0.0869, 0.0842, 0.0874, 0.0916))
(256, 256, (0.1099, 0.0917, 0.0874, 0.089, 0.0916))
(256, 512, (0.1129, 0.0835, 0.0801, 0.081, 0.0853))
(256, 1024, (0.1065, 0.083, 0.082, 0.0862, 0.0876))
(256, 2048, (0.1137, 0.0918, 0.0957, 0.0984, 0.0954))
(256, 4096, (0.1035, 0.0787, 0.0827, 0.0884, 0.0867))
(256, 8192, (0.1116, 0.0832, 0.0794, 0.0802, 0.0906))
(256, 16384, (0.093, 0.0783, 0.0781, 0.083, 0.0842))
(256, 32768, (0.0946, 0.0795, 0.0808, 0.0846, 0.0858))
(256, 65536, (0.1013, 0.0786, 0.082, 0.0817, 0.0811))
(256, 131072, (0.0908, 0.0721, 0.0716, 0.0706, 0.0805))
(256, 262144, (0.1288, 0.0869, 0.0871, 0.089, 0.0876))
(256, 524288, (0.131, 0.0884, 0.0892, 0.1083, 0.0915))
(512, 32, (0.1101, 0.0855, 0.0844, 0.0929, 0.0946))
(512, 64, (0.1247, 0.0852, 0.0823, 0.0902, 0.0964))
(512, 128, (0.1064, 0.0855, 0.0835, 0.0828, 0.0853))
(512, 256, (0.1122, 0.0959, 0.097, 0.0885, 0.09))
(512, 512, (0.174, 0.1094, 0.1004, 0.1049, 0.1038))
(512, 1024, (0.1121, 0.0877, 0.0909, 0.0845, 0.0873))
(512, 2048, (0.119, 0.0839, 0.0876, 0.089, 0.089))
(512, 4096, (0.1347, 0.1002, 0.0951, 0.0965, 0.0971))
(512, 8192, (0.0977, 0.0779, 0.0772, 0.0774, 0.0844))
(512, 16384, (0.1234, 0.0895, 0.0878, 0.0937, 0.0963))
(512, 32768, (0.1389, 0.0882, 0.0883, 0.0889, 0.0869))
(512, 65536, (0.1003, 0.0779, 0.082, 0.0799, 0.0813))
(512, 131072, (0.0973, 0.0732, 0.0724, 0.0777, 0.0797))
(512, 262144, (0.1098, 0.088, 0.0855, 0.0967, 0.0884))
(512, 524288, (0.0932, 0.0749, 0.0713, 0.0765, 0.0802))
(1024, 32, (0.1201, 0.0902, 0.088, 0.0916, 0.0975))
(1024, 64, (0.1103, 0.0835, 0.0838, 0.0889, 0.0909))
(1024, 128, (0.1132, 0.0824, 0.0845, 0.0914, 0.0896))
(1024, 256, (0.1149, 0.0814, 0.0813, 0.0898, 0.0881))
(1024, 512, (0.113, 0.0956, 0.0909, 0.0873, 0.0888))
(1024, 1024, (0.1107, 0.0846, 0.0876, 0.089, 0.0884))
(1024, 2048, (0.1264, 0.0967, 0.0915, 0.0957, 0.0976))
(1024, 4096, (0.1067, 0.0838, 0.0787, 0.0833, 0.0854))
(1024, 8192, (0.1126, 0.0866, 0.081, 0.0826, 0.087))
(1024, 16384, (0.0999, 0.0757, 0.075, 0.0748, 0.0775))
(1024, 32768, (0.1277, 0.1003, 0.1002, 0.1, 0.0945))
(1024, 65536, (0.0927, 0.0764, 0.0749, 0.0748, 0.0754))
(1024, 131072, (0.0905, 0.0743, 0.0727, 0.07, 0.0712))
(1024, 262144, (0.0927, 0.0782, 0.0779, 0.0766, 0.0755))
(1024, 524288, (0.1054, 0.084, 0.0756, 0.0749, 0.0931))
(2048, 32, (0.1072, 0.0863, 0.0839, 0.0917, 0.0935))
(2048, 64, (0.1165, 0.0858, 0.0892, 0.0908, 0.0883))
(2048, 128, (0.1089, 0.0831, 0.0805, 0.0856, 0.0897))
(2048, 256, (0.1115, 0.0804, 0.0799, 0.081, 0.089))
(2048, 512, (0.1053, 0.0808, 0.0785, 0.0786, 0.0783))
(2048, 1024, (0.0999, 0.081, 0.08, 0.0842, 0.0851))
(2048, 2048, (0.0985, 0.0791, 0.077, 0.0787, 0.0841))
(2048, 4096, (0.0963, 0.0799, 0.0853, 0.0843, 0.084))
(2048, 8192, (0.0926, 0.0772, 0.0799, 0.0818, 0.0833))
(2048, 16384, (0.1062, 0.0794, 0.0876, 0.0859, 0.087))
(2048, 32768, (0.0967, 0.075, 0.0735, 0.0806, 0.0812))
(2048, 65536, (0.1074, 0.0838, 0.0831, 0.082, 0.087))
(2048, 131072, (0.0902, 0.0757, 0.0735, 0.072, 0.0726))
(2048, 262144, (0.1016, 0.0755, 0.0757, 0.0748, 0.0735))
(2048, 524288, (0.1124, 0.0739, 0.0701, 0.0666, 0.0715))
(4096, 32, (0.1046, 0.0836, 0.0807, 0.0806, 0.0815))
(4096, 64, (0.1111, 0.0875, 0.0863, 0.0853, 0.0851))
(4096, 128, (0.1236, 0.09, 0.0894, 0.0967, 0.0966))
(4096, 256, (0.0989, 0.083, 0.0831, 0.0883, 0.0857))
(4096, 512, (0.1121, 0.0869, 0.0852, 0.082, 0.0846))
